<?xml version="1.0" encoding="UTF-8"?>
<map version="1.10" tiledversion="1.11.2" orientation="orthogonal" renderorder="right-down" width="20" height="16" tilewidth="64" tileheight="64" infinite="0" nextlayerid="2" nextobjectid="1">
 <tileset firstgid="1" source="../grass.tsx"/>
 <layer id="1" name="Tile Layer 1" width="20" height="16">
  <data encoding="csv">
0,0,0,0,0,0,0,0,0,0,0,0,0,0,0,0,0,0,0,0,
0,0,0,0,0,0,0,0,0,0,0,0,0,0,0,0,0,0,0,0,
0,0,0,0,0,0,0,0,0,0,0,0,0,0,0,0,0,0,0,0,
0,0,0,0,0,0,0,0,0,0,0,0,0,0,0,0,0,0,0,0,
0,0,0,0,0,0,0,0,0,0,0,0,0,0,0,0,0,0,0,0,
0,0,0,0,0,0,0,0,0,0,0,0,0,0,0,0,0,0,0,0,
0,0,0,0,0,0,0,0,0,0,0,0,0,0,0,0,0,0,0,0,
0,0,0,0,0,0,0,0,0,0,0,0,0,0,0,0,0,0,0,0,
0,0,0,0,0,0,0,0,0,0,0,0,0,0,0,0,0,0,0,0,
33,34,0,0,0,0,0,0,33,17,17,17,17,34,0,0,0,0,0,0,
20,18,0,0,0,0,0,0,20,2,2,2,2,18,0,0,0,0,0,0,
20,18,0,0,0,0,0,0,20,2,65,66,2,18,0,0,0,0,0,0,
20,18,0,0,0,0,0,0,20,2,81,82,2,18,0,0,0,0,0,0,
20,50,17,17,17,17,17,17,49,2,69,2,2,18,0,0,0,0,0,0,
20,2,4,2,65,66,2,68,2,2,2,2,4,18,0,0,0,0,0,0,
20,3,2,2,81,82,2,2,2,67,2,2,2,18,0,0,0,0,0,0
</data>
 </layer>
</map>
